1.822861441544124
0.9590596036305503
0.6851877048611641
0.6848736737692167
0.509114730216208
0.2600443699204969
0.3487950507107945
0.36705327520353925
0.21416067465075425
0.16213523331172172
0.20472950786943472
0.11904863261854247
0.16451366622525726
0.1007438817944762
0.07959939032748696
0.08058505132240021
0.19239356114144718
0.07040104706816021
0.02737545607369467
0.031672858389645134
0.02827688454399033
0.02405916483904649
0.08693028618359849
0.34280257248726215
0.3293288688485821
0.12439930368591809
0.04765323544889393
0.0757016509370361
0.05740897923856715
0.02058215540235988
0.02524198402950008
0.03522945041093783
0.055490347443357305
0.03014553971043492
0.03752955169295005
0.013619557836107792
0.005671258567691973
0.006578506009862481
0.0040778862154212895
0.005814002523298508
0.00337764486571287
0.011240669678030942
0.008722590244447236
0.0015308876088908172
0.04560480465085083
0.3221202845470832
0.38058173748856733
0.18061125032522435
0.08058298048230686
0.041790367973994255
